B 3600 0.000 0.000
B 3650 0.000 0.000
B 3700 0.020 0.020
B 3750 0.050 0.050
B 3800 0.110 0.110
B 3850 0.180 0.180
B 3900 0.350 0.350
B 3950 0.550 0.550
B 4000 0.920 0.920
B 4050 0.950 0.950
B 4100 0.980 0.980
B 4150 0.990 0.990
B 4200 1.000 1.000
B 4250 0.990 0.990
B 4300 0.980 0.980
B 4350 0.960 0.960
B 4400 0.940 0.940
B 4450 0.910 0.910
B 4500 0.870 0.870
B 4550 0.830 0.830
B 4600 0.790 0.790
B 4650 0.740 0.740
B 4700 0.690 0.690
B 4750 0.630 0.630
B 4800 0.580 0.580
B 4850 0.520 0.520
B 4900 0.460 0.460
B 4950 0.410 0.410
B 5000 0.360 0.360
B 5050 0.300 0.300
B 5100 0.250 0.250
B 5150 0.200 0.200
B 5200 0.150 0.150
B 5250 0.120 0.120
B 5300 0.090 0.090
B 5350 0.060 0.060
B 5400 0.040 0.040
B 5450 0.020 0.020
B 5500 0.010 0.010
B 5550 0.000 0.000
I 6800 0.000 0.000
I 6850 0.000 0.000
I 6900 0.010 0.010
I 6950 0.010 0.010
I 7000 0.010 0.010
I 7050 0.040 0.040
I 7100 0.080 0.080
I 7150 0.130 0.130
I 7200 0.170 0.170
I 7250 0.210 0.210
I 7300 0.260 0.260
I 7350 0.300 0.300
I 7400 0.360 0.360
I 7450 0.400 0.400
I 7500 0.440 0.440
I 7550 0.490 0.490
I 7600 0.560 0.560
I 7650 0.600 0.600
I 7700 0.650 0.650
I 7750 0.720 0.720
I 7800 0.760 0.760
I 7850 0.840 0.840
I 7900 0.900 0.900
I 7950 0.930 0.930
I 8000 0.960 0.960
I 8050 0.970 0.970
I 8100 0.970 0.970
I 8150 0.980 0.980
I 8200 0.980 0.980
I 8250 0.990 0.990
I 8300 0.990 0.990
I 8350 0.990 0.990
I 8400 0.990 0.990
I 8450 1.000 1.000
I 8500 1.000 1.000
I 8550 1.000 1.000
I 8600 1.000 1.000
I 8650 1.000 1.000
I 8700 0.990 0.990
I 8750 0.980 0.980
I 8800 0.980 0.980
I 8850 0.970 0.970
I 8900 0.960 0.960
I 8950 0.940 0.940
I 9000 0.930 0.930
I 9050 0.900 0.900
I 9100 0.880 0.880
I 9150 0.860 0.860
I 9200 0.840 0.840
I 9250 0.800 0.800
I 9300 0.760 0.760
I 9350 0.740 0.740
I 9400 0.710 0.710
I 9450 0.680 0.680
I 9500 0.650 0.650
I 9550 0.610 0.610
I 9600 0.580 0.580
I 9650 0.560 0.560
I 9700 0.520 0.520
I 9750 0.500 0.500
I 9800 0.470 0.470
I 9850 0.440 0.440
I 9900 0.420 0.420
I 9950 0.390 0.390
I 10000 0.360 0.360
I 10050 0.340 0.340
I 10100 0.320 0.320
I 10150 0.300 0.300
I 10200 0.280 0.280
I 10250 0.260 0.260
I 10300 0.240 0.240
I 10350 0.220 0.220
I 10400 0.200 0.200
I 10450 0.190 0.190
I 10500 0.170 0.170
I 10550 0.160 0.160
I 10600 0.150 0.150
I 10650 0.130 0.130
I 10700 0.120 0.120
I 10750 0.110 0.110
I 10800 0.100 0.100
I 10850 0.090 0.090
I 10900 0.090 0.090
I 10950 0.080 0.080
I 11000 0.080 0.080
I 11050 0.070 0.070
I 11100 0.060 0.060
I 11150 0.050 0.050
I 11200 0.050 0.050
I 11250 0.040 0.040
I 11300 0.040 0.040
I 11350 0.030 0.030
I 11400 0.030 0.030
I 11450 0.020 0.020
I 11500 0.020 0.020
I 11550 0.020 0.020
I 11600 0.020 0.020
I 11650 0.020 0.020
I 11700 0.010 0.010
I 11750 0.010 0.010
I 11800 0.010 0.010
I 11850 0.000 0.000
R 5200 0.000 0.000
R 5250 0.010 0.010
R 5300 0.020 0.020
R 5350 0.040 0.040
R 5400 0.060 0.060
R 5450 0.110 0.110
R 5500 0.180 0.180
R 5550 0.230 0.230
R 5600 0.280 0.280
R 5650 0.340 0.340
R 5700 0.400 0.400
R 5750 0.460 0.460
R 5800 0.500 0.500
R 5850 0.550 0.550
R 5900 0.600 0.600
R 5950 0.640 0.640
R 6000 0.690 0.690
R 6050 0.710 0.710
R 6100 0.740 0.740
R 6150 0.770 0.770
R 6200 0.790 0.790
R 6250 0.810 0.810
R 6300 0.840 0.840
R 6350 0.860 0.860
R 6400 0.880 0.880
R 6450 0.900 0.900
R 6500 0.910 0.910
R 6550 0.920 0.920
R 6600 0.940 0.940
R 6650 0.950 0.950
R 6700 0.960 0.960
R 6750 0.970 0.970
R 6800 0.980 0.980
R 6850 0.990 0.990
R 6900 0.990 0.990
R 6950 1.000 1.000
R 7000 1.000 1.000
R 7050 0.990 0.990
R 7100 0.980 0.980
R 7150 0.960 0.960
R 7200 0.940 0.940
R 7250 0.920 0.920
R 7300 0.900 0.900
R 7350 0.880 0.880
R 7400 0.850 0.850
R 7450 0.830 0.830
R 7500 0.800 0.800
R 7550 0.770 0.770
R 7600 0.730 0.730
R 7650 0.700 0.700
R 7700 0.660 0.660
R 7750 0.620 0.620
R 7800 0.570 0.570
R 7850 0.530 0.530
R 7900 0.490 0.490
R 7950 0.450 0.450
R 8000 0.420 0.420
R 8050 0.390 0.390
R 8100 0.360 0.360
R 8150 0.340 0.340
R 8200 0.310 0.310
R 8250 0.270 0.270
R 8300 0.220 0.220
R 8350 0.190 0.190
R 8400 0.170 0.170
R 8450 0.150 0.150
R 8500 0.130 0.130
R 8550 0.120 0.120
R 8600 0.110 0.110
R 8650 0.100 0.100
R 8700 0.080 0.080
R 8750 0.070 0.070
R 8800 0.060 0.060
R 8850 0.060 0.060
R 8900 0.050 0.050
R 8950 0.040 0.040
R 9000 0.040 0.040
R 9050 0.030 0.030
R 9100 0.030 0.030
R 9150 0.020 0.020
R 9200 0.020 0.020
R 9250 0.020 0.020
R 9300 0.010 0.010
R 9350 0.010 0.010
R 9400 0.010 0.010
R 9450 0.010 0.010
R 9500 0.000 0.000
U 3000 0.000 0.000
U 3050 0.040 0.040
U 3100 0.100 0.100
U 3150 0.250 0.250
U 3200 0.610 0.610
U 3250 0.750 0.750
U 3300 0.840 0.840
U 3350 0.880 0.880
U 3400 0.930 0.930
U 3450 0.950 0.950
U 3500 0.970 0.970
U 3550 0.990 0.990
U 3600 1.000 1.000
U 3650 0.990 0.990
U 3700 0.970 0.970
U 3750 0.920 0.920
U 3800 0.730 0.730
U 3850 0.560 0.560
U 3900 0.360 0.360
U 3950 0.230 0.230
U 4000 0.050 0.050
U 4050 0.030 0.030
U 4100 0.010 0.010
U 4150 0.000 0.000
V 4600 0.000 0.000
V 4650 0.000 0.000
V 4700 0.010 0.010
V 4750 0.010 0.010
V 4800 0.020 0.020
V 4850 0.050 0.051
V 4900 0.110 0.112
V 4950 0.200 0.204
V 5000 0.380 0.388
V 5050 0.670 0.684
V 5100 0.780 0.796
V 5150 0.850 0.867
V 5200 0.910 0.929
V 5250 0.940 0.959
V 5300 0.960 0.980
V 5350 0.980 1.000
V 5400 0.980 1.000
V 5450 0.950 0.969
V 5500 0.870 0.888
V 5550 0.790 0.806
V 5600 0.720 0.735
V 5650 0.710 0.724
V 5700 0.690 0.704
V 5750 0.650 0.663
V 5800 0.620 0.633
V 5850 0.580 0.592
V 5900 0.520 0.531
V 5950 0.460 0.469
V 6000 0.400 0.408
V 6050 0.340 0.347
V 6100 0.290 0.296
V 6150 0.240 0.245
V 6200 0.200 0.204
V 6250 0.170 0.173
V 6300 0.140 0.143
V 6350 0.110 0.112
V 6400 0.080 0.082
V 6450 0.060 0.061
V 6500 0.050 0.051
V 6550 0.030 0.031
V 6600 0.020 0.020
V 6650 0.020 0.020
V 6700 0.010 0.010
V 6750 0.010 0.010
V 6800 0.010 0.010
V 6850 0.010 0.010
V 6900 0.010 0.010
V 6950 0.010 0.010
V 7000 0.010 0.010
V 7050 0.010 0.010
V 7100 0.010 0.010
V 7150 0.010 0.010
V 7200 0.010 0.010
V 7250 0.010 0.010
V 7300 0.010 0.010
V 7350 0.000 0.000
